#  ол-во вершин, затем координаы всех вершин по пор€дку
12
 5.5 -6.5  0.0
 5.5  6.5  0.0
-5.5  6.5  0.0
-5.5 -6.5  0.0
 5.5 -6.5  5.0
 5.5  0.0  5.0
 5.5  6.5  5.0
-5.5  6.5  5.0
-5.5  0.0  5.0
-5.5 -6.5  5.0
 0.0  6.5  10.0
 0.0  0.0  10.0
# ол-во граней, затем описание каждой грани.
#ѕервое число в описании грани - кол-во вершин.
 9
 4 0  1  2  3
 4 9  4  0  3
 4 7  9  3  2
 4 10 11  8  7
 3 11  5  8
 4 4  6  1  0
 5 10  7  2  1  6
 4  9  8  5  4
 4 11 10  6  5
#ќписание нормалей - по одной нормали на грань
#—колько граней - столько нормалей
 0.0       0.0  -1.0
 0.0       -1.0 -1.0
-1.0       0.0  0.0
-0.707107  0.0  0.707107
 0.0       -1.0 0.0
 1.0       0.0  0.0
 0.0       1.0  -1.0
 0.0       0.0  1.0
 0.707107  0.0  0.707107
# описани€ текстурных координат - по одной на каждую вершину
# одна строка - одна грань
0.0  0.0  0.0  0.0  0.0  0.0  0.0  0.0
0.0  0.0  0.5  0.0  0.5  0.25  0.0  0.25
1.0  0.25  0.5  0.25  0.5  0.5  1.0  0.5
1.0  0.5  0.5  0.5  0.5  0.75  1.0  0.75
0.25   0.75   0.5   1.0   0.0   1.0
0.0  0.25  0.5  0.25  0.5  0.5  0.0  0.5
1.0  0.125  0.75  0.25  0.5  0.25  0.5  0.0  0.75  0.0
0.0  0.5  0.5  0.5  0.5  0.75  0.0  0.75
0.5  0.75  1.0  0.75  1.0  1.0  0.5  1.0